0.080668926239,621.0,1242.0,1863.0,2484.0,3105.0,3726.0,4347.0,4968.0,5589.0,6210.0,6831.0,7452.0
0.180668830872,622.0,1244.0,1866.0,2488.0,3110.0,3732.0,4354.0,4976.0,5598.0,6220.0,6842.0,7464.0
0.28066778183,623.0,1246.0,1869.0,2492.0,3115.0,3738.0,4361.0,4984.0,5607.0,6230.0,6853.0,7476.0
0.380649805069,624.0,1248.0,1872.0,2496.0,3120.0,3744.0,4368.0,4992.0,5616.0,6240.0,6864.0,7488.0
0.479426860809,625.0,1250.0,1875.0,2500.0,3125.0,3750.0,4375.0,5000.0,5625.0,6250.0,6875.0,7500.0
0.580476999283,626.0,1252.0,1878.0,2504.0,3130.0,3756.0,4382.0,5008.0,5634.0,6260.0,6886.0,7512.0
0.679225921631,627.0,1254.0,1881.0,2508.0,3135.0,3762.0,4389.0,5016.0,5643.0,6270.0,6897.0,7524.0
0.780597925186,628.0,1256.0,1884.0,2512.0,3140.0,3768.0,4396.0,5024.0,5652.0,6280.0,6908.0,7536.0
0.880690813065,629.0,1258.0,1887.0,2516.0,3145.0,3774.0,4403.0,5032.0,5661.0,6290.0,6919.0,7548.0
0.980479955673,630.0,1260.0,1890.0,2520.0,3150.0,3780.0,4410.0,5040.0,5670.0,6300.0,6930.0,7560.0
1.08063483238,631.0,1262.0,1893.0,2524.0,3155.0,3786.0,4417.0,5048.0,5679.0,6310.0,6941.0,7572.0
1.18045091629,632.0,1264.0,1896.0,2528.0,3160.0,3792.0,4424.0,5056.0,5688.0,6320.0,6952.0,7584.0
1.28091287613,633.0,1266.0,1899.0,2532.0,3165.0,3798.0,4431.0,5064.0,5697.0,6330.0,6963.0,7596.0
1.3804500103,634.0,1268.0,1902.0,2536.0,3170.0,3804.0,4438.0,5072.0,5706.0,6340.0,6974.0,7608.0
1.47850680351,635.0,1270.0,1905.0,2540.0,3175.0,3810.0,4445.0,5080.0,5715.0,6350.0,6985.0,7620.0
1.58064198494,636.0,1272.0,1908.0,2544.0,3180.0,3816.0,4452.0,5088.0,5724.0,6360.0,6996.0,7632.0
1.68057179451,637.0,1274.0,1911.0,2548.0,3185.0,3822.0,4459.0,5096.0,5733.0,6370.0,7007.0,7644.0
1.78046679497,638.0,1276.0,1914.0,2552.0,3190.0,3828.0,4466.0,5104.0,5742.0,6380.0,7018.0,7656.0
1.88137292862,639.0,1278.0,1917.0,2556.0,3195.0,3834.0,4473.0,5112.0,5751.0,6390.0,7029.0,7668.0
1.98069381714,640.0,1280.0,1920.0,2560.0,3200.0,3840.0,4480.0,5120.0,5760.0,6400.0,7040.0,7680.0
2.08135890961,641.0,1282.0,1923.0,2564.0,3205.0,3846.0,4487.0,5128.0,5769.0,6410.0,7051.0,7692.0
2.18149399757,642.0,1284.0,1926.0,2568.0,3210.0,3852.0,4494.0,5136.0,5778.0,6420.0,7062.0,7704.0
2.28120493889,643.0,1286.0,1929.0,2572.0,3215.0,3858.0,4501.0,5144.0,5787.0,6430.0,7073.0,7716.0
2.38048481941,644.0,1288.0,1932.0,2576.0,3220.0,3864.0,4508.0,5152.0,5796.0,6440.0,7084.0,7728.0
2.48102498055,645.0,1290.0,1935.0,2580.0,3225.0,3870.0,4515.0,5160.0,5805.0,6450.0,7095.0,7740.0
2.58120393753,646.0,1292.0,1938.0,2584.0,3230.0,3876.0,4522.0,5168.0,5814.0,6460.0,7106.0,7752.0
2.68102097511,647.0,1294.0,1941.0,2588.0,3235.0,3882.0,4529.0,5176.0,5823.0,6470.0,7117.0,7764.0
2.78047180176,648.0,1296.0,1944.0,2592.0,3240.0,3888.0,4536.0,5184.0,5832.0,6480.0,7128.0,7776.0
2.88131690025,649.0,1298.0,1947.0,2596.0,3245.0,3894.0,4543.0,5192.0,5841.0,6490.0,7139.0,7788.0
2.98073601723,650.0,1300.0,1950.0,2600.0,3250.0,3900.0,4550.0,5200.0,5850.0,6500.0,7150.0,7800.0
3.08050084114,651.0,1302.0,1953.0,2604.0,3255.0,3906.0,4557.0,5208.0,5859.0,6510.0,7161.0,7812.0
3.18061900139,652.0,1304.0,1956.0,2608.0,3260.0,3912.0,4564.0,5216.0,5868.0,6520.0,7172.0,7824.0
3.27894997597,653.0,1306.0,1959.0,2612.0,3265.0,3918.0,4571.0,5224.0,5877.0,6530.0,7183.0,7836.0
3.3783288002,654.0,1308.0,1962.0,2616.0,3270.0,3924.0,4578.0,5232.0,5886.0,6540.0,7194.0,7848.0
3.48054981232,655.0,1310.0,1965.0,2620.0,3275.0,3930.0,4585.0,5240.0,5895.0,6550.0,7205.0,7860.0
3.58067584038,656.0,1312.0,1968.0,2624.0,3280.0,3936.0,4592.0,5248.0,5904.0,6560.0,7216.0,7872.0
3.68050885201,657.0,1314.0,1971.0,2628.0,3285.0,3942.0,4599.0,5256.0,5913.0,6570.0,7227.0,7884.0
3.78067588806,658.0,1316.0,1974.0,2632.0,3290.0,3948.0,4606.0,5264.0,5922.0,6580.0,7238.0,7896.0
3.88054895401,659.0,1318.0,1977.0,2636.0,3295.0,3954.0,4613.0,5272.0,5931.0,6590.0,7249.0,7908.0
3.97806596756,660.0,1320.0,1980.0,2640.0,3300.0,3960.0,4620.0,5280.0,5940.0,6600.0,7260.0,7920.0
4.08073186874,661.0,1322.0,1983.0,2644.0,3305.0,3966.0,4627.0,5288.0,5949.0,6610.0,7271.0,7932.0
4.1804728508,662.0,1324.0,1986.0,2648.0,3310.0,3972.0,4634.0,5296.0,5958.0,6620.0,7282.0,7944.0
4.27930188179,663.0,1326.0,1989.0,2652.0,3315.0,3978.0,4641.0,5304.0,5967.0,6630.0,7293.0,7956.0
4.38049578667,664.0,1328.0,1992.0,2656.0,3320.0,3984.0,4648.0,5312.0,5976.0,6640.0,7304.0,7968.0
4.47896981239,665.0,1330.0,1995.0,2660.0,3325.0,3990.0,4655.0,5320.0,5985.0,6650.0,7315.0,7980.0
4.58051490784,666.0,1332.0,1998.0,2664.0,3330.0,3996.0,4662.0,5328.0,5994.0,6660.0,7326.0,7992.0
4.67911481857,667.0,1334.0,2001.0,2668.0,3335.0,4002.0,4669.0,5336.0,6003.0,6670.0,7337.0,8004.0
4.78057694435,668.0,1336.0,2004.0,2672.0,3340.0,4008.0,4676.0,5344.0,6012.0,6680.0,7348.0,8016.0
4.87905693054,669.0,1338.0,2007.0,2676.0,3345.0,4014.0,4683.0,5352.0,6021.0,6690.0,7359.0,8028.0
4.98052382469,670.0,1340.0,2010.0,2680.0,3350.0,4020.0,4690.0,5360.0,6030.0,6700.0,7370.0,8040.0
5.08058786392,671.0,1342.0,2013.0,2684.0,3355.0,4026.0,4697.0,5368.0,6039.0,6710.0,7381.0,8052.0
5.18049478531,672.0,1344.0,2016.0,2688.0,3360.0,4032.0,4704.0,5376.0,6048.0,6720.0,7392.0,8064.0
5.27986192703,673.0,1346.0,2019.0,2692.0,3365.0,4038.0,4711.0,5384.0,6057.0,6730.0,7403.0,8076.0
5.38051390648,674.0,1348.0,2022.0,2696.0,3370.0,4044.0,4718.0,5392.0,6066.0,6740.0,7414.0,8088.0
5.47828793526,675.0,1350.0,2025.0,2700.0,3375.0,4050.0,4725.0,5400.0,6075.0,6750.0,7425.0,8100.0
5.5805118084,676.0,1352.0,2028.0,2704.0,3380.0,4056.0,4732.0,5408.0,6084.0,6760.0,7436.0,8112.0
